1, cr1 0 81 0 0 0 0 0 0 0 0;
2, cr1 0 162 0 0 0 0 0 0 0 0;
3, cr1 0 243 0 0 0 0 0 0 0 0;
4, cr1 0 324 0 0 0 0 0 0 0 0;
5, cr1 0 405 0 0 0 0 0 0 0 0;
6, cr1 -90 81 0 0 0 0 0 0 0 0;
7, cr1 -90 162 0 0 0 0 0 0 0 0;
8, cr1 -90 243 0 0 0 0 0 0 0 0;
9, cr1 -90 324 0 0 0 0 0 0 0 0;
10, cr1 -90 405 0 0 0 0 0 0 0 0;
11, cr2 0 81 0 0 0 0 0 0 0 0;
12, cr2 0 162 0 0 0 0 0 0 0 0;
13, cr2 0 243 0 0 0 0 0 0 0 0;
14, cr2 0 324 0 0 0 0 0 0 0 0;
15, cr2 0 405 0 0 0 0 0 0 0 0;
16, cr2 -90 81 0 0 0 0 0 0 0 0;
17, cr2 -90 162 0 0 0 0 0 0 0 0;
18, cr2 -90 243 0 0 0 0 0 0 0 0;
19, cr2 -90 324 0 0 0 0 0 0 0 0;
20, cr2 -90 405 0 0 0 0 0 0 0 0;
21, rv1 0 81 0 0 0 0 0 0 0 0;
22, rv1 0 162 0 0 0 0 0 0 0 0;
23, rv1 0 243 0 0 0 0 0 0 0 0;
24, rv1 0 324 0 0 0 0 0 0 0 0;
25, rv1 0 405 0 0 0 0 0 0 0 0;
26, rv1 -90 81 0 0 0 0 0 0 0 0;
27, rv1 -90 162 0 0 0 0 0 0 0 0;
28, rv1 -90 243 0 0 0 0 0 0 0 0;
29, rv1 -90 324 0 0 0 0 0 0 0 0;
30, rv1 -90 405 0 0 0 0 0 0 0 0;
